模型点像空间辅助坐标：
1201         0.140441          0.159160          -0.033126        
1818         0.024756          0.129542          -0.033273        
1202         0.052380          0.127397          -0.033254        
1204         0.125408          0.048590          -0.033202        
1203         0.055722          0.040860          -0.033292        
1205         0.131768          -0.022724          -0.033263        
1206         0.060782          -0.123386          -0.033418        
1052         0.039215          -0.165814          -0.033485        
410         0.104383          -0.139162          -0.033383        
399         0.212173          -0.152371          -0.033270        
192         0.198776          -0.003498          -0.033159        
370         0.173532          0.163897          -0.033065        
1118         0.020608          0.154155          -0.033242        
194         0.007642          -0.007541          -0.033383        
398         0.004335          -0.184825          -0.033524        

400          0.119433          0.132731          0.032164        
1207          0.124515          -0.133173          0.031696        
399          0.205986          0.132504          0.032156        
192          0.200741          -0.010633          0.031897        
370          0.204520          -0.172949          0.031632        
1209          0.001823          -0.133079          0.031746        
401          0.006136          0.193398          0.032313        
190          -0.000305          -0.001147          0.031949        

1826          0.199612          0.156269          -0.032778        
402          0.197939          -0.171455          -0.033393        
1055          0.164448          -0.182933          -0.033392        
411          0.086701          -0.158077          -0.033356        
1211          0.010558          0.010798          -0.032966        
188          0.197888          0.010423          -0.032986        
1225          0.191131          0.116867          -0.032852        
1210          0.133964          0.095430          -0.032854        
1209          -0.001861          0.137354          -0.032764        
401          -0.006324          -0.199585          -0.033347        
190          0.000315          0.001183          -0.032971        


摄影测量坐标：
1201          251.243015          284.730708          214.508400        
1818          44.287587          231.746104          214.245691        
1202          93.706561          227.908411          214.279668        
1204          224.350024          86.925492          214.373717        
1203          99.684983          73.096111          214.212582        
1205          235.727394          -40.653197          214.264630        
1206          108.737078          -220.732214          213.985917        
1052          70.154676          -296.634287          213.866294        
410          186.736702          -248.954932          214.049670        
399          379.568920          -272.585988          214.251016        
192          355.602005          -6.256966          214.450367        
370          310.442146          293.204607          214.618259        
1118          36.866072          275.776777          214.302252        
194          13.670594          -13.491058          214.048491        
398          7.755633          -330.645732          213.797110        

400          134.341816          -261.568209          213.934121        
1207          124.832257          235.920261          214.809700        
399          -27.594170          -261.143604          213.949654        
192          -17.780072          6.656407          214.434643        
370          -24.850841          310.337712          214.930302        
1209          354.380878          235.744484          214.717632        
401          346.312268          -375.072849          213.656182        
190          358.362659          -11.091453          214.337780        

1826          1078.167662          258.574481          214.459691        
402          1075.127542          -336.713706          213.342791        
1055          1014.293209          -357.563698          213.346055        
411          873.070912          -312.414745          213.410505        
1211          734.762069          -5.664096          214.118929        
188          1075.035486          -6.345450          214.082272        
1225          1062.761930          187.003838          214.326389        
1210          958.922034          148.065396          214.322436        
1209          712.205285          224.217219          214.485993        
401          704.098372          -387.810916          213.427723        
190          716.156148          -23.128963          214.110629        


地面摄影测量坐标：
1201          -15.912343          8.874146          -0.004042        
1818          -235.153922          -38.046692          -0.114587        
1202          -183.489809          -44.135003          -0.079601        
1204          -52.375297          -197.435627          0.324919        
1203          -183.685845          -206.732019          0.212778        
1205          -45.772252          -331.699121          0.508133        
1206          -186.464377          -515.239859          0.663899        
1052          -230.094660          -593.225108          0.724367        
410          -105.846874          -548.093600          0.781855        
399          95.384348          -580.927695          1.010892        
192          81.373639          -300.634746          0.598681        
370          46.522155          15.288370          0.079719        
1118          -241.097798          8.437082          -0.157284        
194          -277.503059          -293.941594          0.261005        
398          -296.951334          -626.286081          0.743961        

400          -161.318813          -559.132852          0.700520        
1207          -150.514359          -37.031887          0.451726        
399          -331.119077          -551.924519          0.747594        
192          -309.643012          -271.499134          0.625076        
370          -304.375147          47.259124          0.432713        
1209          90.199865          -46.803204          0.310478        
401          56.228639          -687.015176          0.634080        
190          84.066728          -305.820090          0.491345        

1826          850.169373          -53.090570          -0.155909        
402          822.119920          -677.227714          0.072003        
1055          757.453800          -696.551831          0.136382        
411          611.243273          -643.307332          0.125586        
1211          479.013473          -315.848874          0.175052        
188          835.820776          -330.774508          0.071422        
1225          831.024743          -127.501546          -0.124527        
1210          720.504391          -163.998448          -0.016759        
1209          464.959413          -73.836080          0.024269        
401          430.897454          -715.316178          0.354063        
190          458.772546          -333.386745          0.211052        


地面坐标：
1201          24276.376713          46640.394095          46.233231        
1818          25229.729953          46389.790501          45.747211        
1202          25001.590431          46373.545422          45.901029        
1204          24394.611898          45726.898831          47.679532        
1203          24969.424464          45659.398161          47.186496        
1205          24338.340292          45138.570185          48.485048        
1206          24918.962914          44303.902734          49.169885        
1052          25094.741640          43952.538223          49.435739        
410          24558.226791          44175.988011          49.688489        
399          23667.773040          44072.658802          50.695467        
192          23786.239962          45300.827405          48.883148        
370          24003.474428          46681.246412          46.601489        
1118          25265.276626          46592.734577          45.559487        
194          25363.744776          45257.327426          47.398528        
398          25381.653094          43793.758199          49.521886        

400          24799.610874          44116.237346          49.330891        
1207          24858.208830          46411.439515          48.237051        
399          25546.818328          44113.405450          49.537857        
192          25509.458307          45349.363822          48.999198        
370          25551.069074          46750.383545          48.153456        
1209          23799.034806          46417.419218          47.616039        
401          23818.191786          43598.781391          49.038785        
190          23773.358968          45278.600993          48.411240        

1826          20460.058801          46544.171896          45.565535        
402          20456.473172          43797.335709          46.567569        
1055          20736.554214          43699.331331          46.850616        
411          21389.509173          43903.476575          46.803149        
1211          22036.761107          45314.777862          47.020630        
188          20466.672645          45321.701386          46.565012        
1225          20529.025358          46213.478742          45.703506        
1210          21007.004766          46030.739487          46.177317        
1209          22147.642901          46374.815612          46.357700        
401          22166.940786          43550.589888          47.807665        
190          22122.094621          45233.642179          47.178907        


所求大地坐标与检查点坐标的差：
1202          60.544431          -2.452578          -0.637971        
1204          25.125898          26.477831          -1.340468        
1203          23.719464          -3.239839          -1.865504        
1118          72.743626          -15.324423          -3.376513        
1207          639.916830          64.297515          -0.755949        
